49998.5	-150.0163	2730.14	0.01
49996.999837	-150.0326	2730.14	0.02
49995.499511	-150.0489	2730.14	0.03
49993.999022	-150.0652	2730.14	0.04
49992.49837	-150.0815	2730.14	0.05
49990.997555	-150.0978	2730.14	0.060000000000000005
49989.496577000005	-150.1141	2730.14	0.07
49987.995436000005	-150.1304	2730.14	0.08
49986.49413200001	-150.1467	2730.14	0.09
49984.992665000005	-150.163	2730.14	0.09999999999999999
49983.49103500001	-150.1793	2730.14	0.10999999999999999
49981.989242	-150.1956	2730.14	0.11999999999999998
49980.487286	-150.2119	2730.14	0.12999999999999998
49978.985167000006	-150.22820000000002	2730.14	0.13999999999999999
49977.482885000005	-150.24450000000002	2730.14	0.15
49975.98044000001	-150.26080000000002	2730.14	0.16
49974.477832000004	-150.27710000000002	2730.14	0.17
49972.975061000005	-150.29340000000002	2730.14	0.18000000000000002
49971.47212700001	-150.30970000000002	2730.14	0.19000000000000003
49969.96903000001	-150.32600000000002	2730.14	0.20000000000000004
49968.46577000001	-150.34230000000002	2730.14	0.21000000000000005
49966.96234700001	-150.35860000000002	2730.14	0.22000000000000006
49965.45876100001	-150.37490000000003	2730.14	0.23000000000000007
49963.955012000006	-150.39120000000003	2730.14	0.24000000000000007
49962.451100000006	-150.40750000000003	2730.14	0.25000000000000006
49960.94702500001	-150.42380000000003	2730.14	0.26000000000000006
49959.44278700001	-150.44010000000003	2730.14	0.2700000000000001
49957.93838600001	-150.45640000000003	2730.14	0.2800000000000001
49956.433822000006	-150.47270000000003	2730.14	0.2900000000000001
49954.92909500001	-150.48900000000003	2730.14	0.3000000000000001
49953.42420500001	-150.50530000000003	2730.14	0.3100000000000001
49951.91915200001	-150.52160000000003	2730.14	0.3200000000000001
49950.41393600001	-150.53790000000004	2730.14	0.3300000000000001
49948.90855700001	-150.55420000000004	2730.14	0.34000000000000014
49947.40301500001	-150.57050000000004	2730.14	0.35000000000000014
49945.89731000001	-150.58680000000004	2730.14	0.36000000000000015
49944.39144200001	-150.60310000000004	2730.14	0.37000000000000016
49942.88541100001	-150.61940000000004	2730.14	0.38000000000000017
49941.37921700001	-150.63570000000004	2730.14	0.3900000000000002
49939.87286000001	-150.65200000000004	2730.14	0.4000000000000002
49938.36634000001	-150.66830000000004	2730.14	0.4100000000000002
49936.85965700001	-150.68460000000005	2730.14	0.4200000000000002
49935.35281100001	-150.70090000000005	2730.14	0.4300000000000002
49933.84580200001	-150.71720000000005	2730.14	0.4400000000000002
49932.33863000001	-150.73350000000005	2730.14	0.45000000000000023
49930.83129500001	-150.74980000000005	2730.14	0.46000000000000024
49929.32379700001	-150.76610000000005	2730.14	0.47000000000000025
49927.81613600001	-150.78240000000005	2730.14	0.48000000000000026
49926.30831200001	-150.79870000000005	2730.14	0.49000000000000027
49924.80032500001	-150.81500000000005	2730.14	0.5000000000000002
49923.29217500001	-150.83130000000006	2730.14	0.5100000000000002
49921.78386200001	-150.84760000000006	2730.14	0.5200000000000002
49920.27538600001	-150.86390000000006	2730.14	0.5300000000000002
49918.76674700001	-150.88020000000006	2730.14	0.5400000000000003
49917.25794500001	-150.89650000000006	2730.14	0.5500000000000003
49915.74898000001	-150.91280000000006	2730.14	0.5600000000000003
49914.23985200001	-150.92910000000006	2730.14	0.5700000000000003
49912.73056100001	-150.94540000000006	2730.14	0.5800000000000003
49911.22110700001	-150.96170000000006	2730.14	0.5900000000000003
49909.71149000001	-150.97800000000007	2730.14	0.6000000000000003
49908.20171000001	-150.99430000000007	2730.14	0.6100000000000003
49906.69176700001	-151.01060000000007	2730.14	0.6200000000000003
49905.18166100001	-151.02690000000007	2730.14	0.6300000000000003
49903.67139200001	-151.04320000000007	2730.14	0.6400000000000003
49902.16096000001	-151.05950000000007	2730.14	0.6500000000000004
49900.65036500001	-151.07580000000007	2730.14	0.6600000000000004
49899.13960700001	-151.09210000000007	2730.14	0.6700000000000004
49897.62868600001	-151.10840000000007	2730.14	0.6800000000000004
49896.11760200001	-151.12470000000008	2730.14	0.6900000000000004
49894.60635500001	-151.14100000000008	2730.14	0.7000000000000004
49893.09494500001	-151.15730000000008	2730.14	0.7100000000000004
49891.58337200001	-151.17360000000008	2730.14	0.7200000000000004
49890.07163600001	-151.18990000000008	2730.14	0.7300000000000004
49888.55973700001	-151.20620000000008	2730.14	0.7400000000000004
49887.04767500001	-151.22250000000008	2730.14	0.7500000000000004
49885.53545000001	-151.23880000000008	2730.14	0.7600000000000005
49884.02306200001	-151.25510000000008	2730.14	0.7700000000000005
49882.51051100001	-151.27140000000009	2730.14	0.7800000000000005
49880.99779700001	-151.2877000000001	2730.14	0.7900000000000005
49879.48492000001	-151.3040000000001	2730.14	0.8000000000000005
49877.97188000001	-151.3203000000001	2730.14	0.8100000000000005
49876.45867700001	-151.3366000000001	2730.14	0.8200000000000005
49874.94531100001	-151.3529000000001	2730.14	0.8300000000000005
49873.43178200001	-151.3692000000001	2730.14	0.8400000000000005
49871.91809000001	-151.3855000000001	2730.14	0.8500000000000005
49870.40423500001	-151.4018000000001	2730.14	0.8600000000000005
49868.89021700001	-151.4181000000001	2730.14	0.8700000000000006
49867.37603600001	-151.4344000000001	2730.14	0.8800000000000006
49865.861692000006	-151.4507000000001	2730.14	0.8900000000000006
49864.347185000006	-151.4670000000001	2730.14	0.9000000000000006
49862.83251500001	-151.4833000000001	2730.14	0.9100000000000006
49861.31768200001	-151.4996000000001	2730.14	0.9200000000000006
49859.80268600001	-151.5159000000001	2730.14	0.9300000000000006
49858.28752700001	-151.5322000000001	2730.14	0.9400000000000006
49856.77220500001	-151.5485000000001	2730.14	0.9500000000000006
49855.256720000005	-151.5648000000001	2730.14	0.9600000000000006
49853.741072000004	-151.5811000000001	2730.14	0.9700000000000006
49852.22526100001	-151.5974000000001	2730.14	0.9800000000000006
49850.709287000005	-151.6137000000001	2730.14	0.9900000000000007
49849.19315000001	-151.6300000000001	2730.14	1.0000000000000007
49847.67685	-151.6463000000001	2730.14	1.0100000000000007
49846.160387	-151.6626000000001	2730.14	1.0200000000000007
49844.64376100001	-151.6789000000001	2730.14	1.0300000000000007
49843.126972000005	-151.6952000000001	2730.14	1.0400000000000007
49841.61002000001	-151.71150000000011	2730.14	1.0500000000000007
49840.092905000005	-151.72780000000012	2730.14	1.0600000000000007
49838.575627000006	-151.74410000000012	2730.14	1.0700000000000007
49837.058186	-151.76040000000012	2730.14	1.0800000000000007
49835.540582	-151.77670000000012	2730.14	1.0900000000000007
49834.022815000004	-151.79300000000012	2730.14	1.1000000000000008
49832.504885	-151.80930000000012	2730.14	1.1100000000000008
49830.986792	-151.82560000000012	2730.14	1.1200000000000008
49829.468536	-151.84190000000012	2730.14	1.1300000000000008
49827.950117	-151.85820000000012	2730.14	1.1400000000000008
49826.431535	-151.87450000000013	2730.14	1.1500000000000008
49824.91279	-151.89080000000013	2730.14	1.1600000000000008
49823.393882000004	-151.90710000000013	2730.14	1.1700000000000008
49821.874811	-151.92340000000013	2730.14	1.1800000000000008
49820.355577	-151.93970000000013	2730.14	1.1900000000000008
49818.836180000006	-151.95600000000013	2730.14	1.2000000000000008
49817.316620000005	-151.97230000000013	2730.14	1.2100000000000009
49815.79689700001	-151.98860000000013	2730.14	1.2200000000000009
49814.277011000006	-152.00490000000013	2730.14	1.2300000000000009
49812.75696200001	-152.02120000000014	2730.14	1.2400000000000009
49811.236750000004	-152.03750000000014	2730.14	1.2500000000000009
49809.716375	-152.05380000000014	2730.14	1.260000000000001
49808.19583700001	-152.07010000000014	2730.14	1.270000000000001
49806.675136000005	-152.08640000000014	2730.14	1.280000000000001
49805.15427200001	-152.10270000000014	2730.14	1.290000000000001
49803.633245000005	-152.11900000000014	2730.14	1.300000000000001
49802.112055000005	-152.13530000000014	2730.14	1.310000000000001
49800.59070200001	-152.15160000000014	2730.14	1.320000000000001
49799.06918600001	-152.16790000000015	2730.14	1.330000000000001
49797.54750700001	-152.18420000000015	2730.14	1.340000000000001
49796.02566500001	-152.20050000000015	2730.14	1.350000000000001
49794.50366000001	-152.21680000000015	2730.14	1.360000000000001
49792.981492000006	-152.23310000000015	2730.14	1.370000000000001
49791.459161000006	-152.24940000000015	2730.14	1.380000000000001
49789.93666700001	-152.26570000000015	2730.14	1.390000000000001
49788.41401000001	-152.28200000000015	2730.14	1.400000000000001
49786.89119000001	-152.29830000000015	2730.14	1.410000000000001
49785.36820700001	-152.31460000000015	2730.14	1.420000000000001
49783.84506100001	-152.33090000000016	2730.14	1.430000000000001
49782.32175200001	-152.34720000000016	2730.14	1.440000000000001
49780.79828000001	-152.36350000000016	2730.14	1.450000000000001
49779.27464500001	-152.37980000000016	2730.14	1.460000000000001
49777.75084700001	-152.39610000000016	2730.14	1.470000000000001
49776.22688600001	-152.41240000000016	2730.14	1.480000000000001
49774.70276200001	-152.42870000000016	2730.14	1.490000000000001
49773.17847500001	-152.44500000000016	2730.14	1.500000000000001
49771.65402500001	-152.46130000000016	2730.14	1.5100000000000011
49770.12941200001	-152.47760000000017	2730.14	1.5200000000000011
49768.60463600001	-152.49390000000017	2730.14	1.5300000000000011
49767.07969700001	-152.51020000000017	2730.14	1.5400000000000011
49765.55459500001	-152.52650000000017	2730.14	1.5500000000000012
49764.02933000001	-152.54280000000017	2730.14	1.5600000000000012
49762.50390200001	-152.55910000000017	2730.14	1.5700000000000012
49760.97831100001	-152.57540000000017	2730.14	1.5800000000000012
49759.45255700001	-152.59170000000017	2730.14	1.5900000000000012
49757.92664000001	-152.60800000000017	2730.14	1.6000000000000012
49756.40056000001	-152.62430000000018	2730.14	1.6100000000000012
49754.87431700001	-152.64060000000018	2730.14	1.6200000000000012
49753.34791100001	-152.65690000000018	2730.14	1.6300000000000012
49751.82134200001	-152.67320000000018	2730.14	1.6400000000000012
49750.29461000001	-152.68950000000018	2730.14	1.6500000000000012
49748.76771500001	-152.70580000000018	2730.14	1.6600000000000013
49747.24065700001	-152.72210000000018	2730.14	1.6700000000000013
49745.71343600001	-152.73840000000018	2730.14	1.6800000000000013
49744.18605200001	-152.75470000000018	2730.14	1.6900000000000013
49742.658505000014	-152.77100000000019	2730.14	1.7000000000000013
49741.13079500001	-152.7873000000002	2730.14	1.7100000000000013
49739.60292200001	-152.8036000000002	2730.14	1.7200000000000013
49738.07488600001	-152.8199000000002	2730.14	1.7300000000000013
49736.54668700001	-152.8362000000002	2730.14	1.7400000000000013
49735.01832500001	-152.8525000000002	2730.14	1.7500000000000013
49733.48980000001	-152.8688000000002	2730.14	1.7600000000000013
49731.96111200001	-152.8851000000002	2730.14	1.7700000000000014
49730.43226100001	-152.9014000000002	2730.14	1.7800000000000014
49728.90324700001	-152.9177000000002	2730.14	1.7900000000000014
49727.37407000001	-152.9340000000002	2730.14	1.8000000000000014
49725.84473000001	-152.9503000000002	2730.14	1.8100000000000014
49724.315227000014	-152.9666000000002	2730.14	1.8200000000000014
49722.78556100001	-152.9829000000002	2730.14	1.8300000000000014
49721.25573200001	-152.9992000000002	2730.14	1.8400000000000014
49719.72574000001	-153.0155000000002	2730.14	1.8500000000000014
49718.19558500001	-153.0318000000002	2730.14	1.8600000000000014
49716.66526700001	-153.0481000000002	2730.14	1.8700000000000014
49715.13478600001	-153.0644000000002	2730.14	1.8800000000000014
49713.60414200001	-153.0807000000002	2730.14	1.8900000000000015
49712.07333500001	-153.0970000000002	2730.14	1.9000000000000015
49710.54236500001	-153.1133000000002	2730.14	1.9100000000000015
49709.01123200001	-153.1296000000002	2730.14	1.9200000000000015
49707.47993600001	-153.1459000000002	2730.14	1.9300000000000015
49705.94847700001	-153.1622000000002	2730.14	1.9400000000000015
49704.41685500001	-153.1785000000002	2730.14	1.9500000000000015
49702.88507000001	-153.1948000000002	2730.14	1.9600000000000015
49701.35312200001	-153.21110000000022	2730.14	1.9700000000000015
49699.82101100001	-153.22740000000022	2730.14	1.9800000000000015
49698.28873700001	-153.24370000000022	2730.14	1.9900000000000015
49696.75630000001	-153.26000000000022	2730.14	2.0000000000000013
49695.22370000001	-153.27630000000022	2730.14	2.010000000000001
49693.69093700001	-153.29260000000022	2730.14	2.020000000000001
49692.15801100001	-153.30890000000022	2730.14	2.0300000000000007
49690.62492200001	-153.32520000000022	2730.14	2.0400000000000005
49689.09167000001	-153.34150000000022	2730.14	2.0500000000000003
49687.55825500001	-153.35780000000022	2730.14	2.06
49686.02467700001	-153.37410000000023	2730.14	2.07
49684.49093600001	-153.39040000000023	2730.14	2.0799999999999996
49682.957032000006	-153.40670000000023	2730.14	2.0899999999999994
49681.422965000005	-153.42300000000023	2730.14	2.099999999999999
49679.88873500001	-153.43930000000023	2730.14	2.109999999999999
49678.354342000006	-153.45560000000023	2730.14	2.1199999999999988
49676.81978600001	-153.47190000000023	2730.14	2.1299999999999986
49675.285067000004	-153.48820000000023	2730.14	2.1399999999999983
49673.750185000004	-153.50450000000023	2730.14	2.149999999999998
49672.21514000001	-153.52080000000024	2730.14	2.159999999999998
49670.67993200001	-153.53710000000024	2730.14	2.1699999999999977
49669.14456100001	-153.55340000000024	2730.14	2.1799999999999975
49667.609027000006	-153.56970000000024	2730.14	2.1899999999999973
49666.07333000001	-153.58600000000024	2730.14	2.199999999999997
49664.53747	-153.60230000000024	2730.14	2.209999999999997
49663.001447	-153.61860000000024	2730.14	2.2199999999999966
49661.465261000005	-153.63490000000024	2730.14	2.2299999999999964
49659.928912	-153.65120000000024	2730.14	2.239999999999996
49658.392400000004	-153.66750000000025	2730.14	2.249999999999996
49656.855725	-153.68380000000025	2730.14	2.259999999999996
49655.318887	-153.70010000000025	2730.14	2.2699999999999956
49653.781886000004	-153.71640000000025	2730.14	2.2799999999999954
49652.244722	-153.73270000000025	2730.14	2.289999999999995
49650.707395000005	-153.74900000000025	2730.14	2.299999999999995
49649.169905	-153.76530000000025	2730.14	2.3099999999999947
49647.632252	-153.78160000000025	2730.14	2.3199999999999945
49646.09443600001	-153.79790000000025	2730.14	2.3299999999999943
49644.556457000006	-153.81420000000026	2730.14	2.339999999999994
49643.01831500001	-153.83050000000026	2730.14	2.349999999999994
49641.48001000001	-153.84680000000026	2730.14	2.3599999999999937
49639.94154200001	-153.86310000000026	2730.14	2.3699999999999934
49638.402911000005	-153.87940000000026	2730.14	2.3799999999999932
49636.864117000005	-153.89570000000026	2730.14	2.389999999999993
49635.32516000001	-153.91200000000026	2730.14	2.399999999999993
49633.786040000006	-153.92830000000026	2730.14	2.4099999999999926
49632.24675700001	-153.94460000000026	2730.14	2.4199999999999924
49630.707311000006	-153.96090000000027	2730.14	2.429999999999992
49629.167702000006	-153.97720000000027	2730.14	2.439999999999992
49627.62793000001	-153.99350000000027	2730.14	2.4499999999999917
49626.08799500001	-154.00980000000027	2730.14	2.4599999999999915
49624.54789700001	-154.02610000000027	2730.14	2.4699999999999913
49623.00763600001	-154.04240000000027	2730.14	2.479999999999991
49621.46721200001	-154.05870000000027	2730.14	2.489999999999991
49619.92662500001	-154.07500000000027	2730.14	2.4999999999999907
49618.38587500001	-154.09130000000027	2730.14	2.5099999999999905
49616.84496200001	-154.10760000000028	2730.14	2.5199999999999902
49615.30388600001	-154.12390000000028	2730.14	2.52999999999999
49613.76264700001	-154.14020000000028	2730.14	2.53999999999999
49612.22124500001	-154.15650000000028	2730.14	2.5499999999999896
49610.67968000001	-154.17280000000028	2730.14	2.5599999999999894
49609.13795200001	-154.18910000000028	2730.14	2.569999999999989
49607.59606100001	-154.20540000000028	2730.14	2.579999999999989
49606.05400700001	-154.22170000000028	2730.14	2.5899999999999888
49604.51179000001	-154.23800000000028	2730.14	2.5999999999999885
49602.96941000001	-154.25430000000028	2730.14	2.6099999999999883
49601.42686700001	-154.2706000000003	2730.14	2.619999999999988
49599.88416100001	-154.2869000000003	2730.14	2.629999999999988
49598.34129200001	-154.3032000000003	2730.14	2.6399999999999877
49596.79826000001	-154.3195000000003	2730.14	2.6499999999999875
49595.25506500001	-154.3358000000003	2730.14	2.6599999999999873
49593.71170700001	-154.3521000000003	2730.14	2.669999999999987
49592.16818600001	-154.3684000000003	2730.14	2.679999999999987
49590.62450200001	-154.3847000000003	2730.14	2.6899999999999866
49589.08065500001	-154.4010000000003	2730.14	2.6999999999999864
49587.536645000015	-154.4173000000003	2730.14	2.709999999999986
49585.99247200001	-154.4336000000003	2730.14	2.719999999999986
49584.44813600001	-154.4499000000003	2730.14	2.7299999999999858
49582.90363700001	-154.4662000000003	2730.14	2.7399999999999856
49581.35897500001	-154.4825000000003	2730.14	2.7499999999999853
49579.81415000001	-154.4988000000003	2730.14	2.759999999999985
49578.26916200001	-154.5151000000003	2730.14	2.769999999999985
49576.72401100001	-154.5314000000003	2730.14	2.7799999999999847
49575.17869700001	-154.5477000000003	2730.14	2.7899999999999845
49573.63322000001	-154.5640000000003	2730.14	2.7999999999999843
49572.087580000014	-154.5803000000003	2730.14	2.809999999999984
49570.54177700001	-154.5966000000003	2730.14	2.819999999999984
49568.995811000015	-154.6129000000003	2730.14	2.8299999999999836
49567.44968200001	-154.6292000000003	2730.14	2.8399999999999834
49565.903390000014	-154.6455000000003	2730.14	2.849999999999983
49564.35693500001	-154.6618000000003	2730.14	2.859999999999983
49562.81031700001	-154.6781000000003	2730.14	2.869999999999983
49561.26353600001	-154.69440000000031	2730.14	2.8799999999999826
49559.71659200001	-154.71070000000032	2730.14	2.8899999999999824
49558.16948500001	-154.72700000000032	2730.14	2.899999999999982
49556.62221500001	-154.74330000000032	2730.14	2.909999999999982
49555.07478200001	-154.75960000000032	2730.14	2.9199999999999817
49553.527186000014	-154.77590000000032	2730.14	2.9299999999999815
49551.97942700001	-154.79220000000032	2730.14	2.9399999999999813
49550.431505000015	-154.80850000000032	2730.14	2.949999999999981
49548.88342000001	-154.82480000000032	2730.14	2.959999999999981
49547.335172000014	-154.84110000000032	2730.14	2.9699999999999807
49545.78676100001	-154.85740000000033	2730.14	2.9799999999999804
49544.23818700001	-154.87370000000033	2730.14	2.9899999999999802
49542.68945000001	-154.89000000000033	2730.14	2.99999999999998
49541.14055000001	-154.90630000000033	2730.14	3.00999999999998
49539.59148700001	-154.92260000000033	2730.14	3.0199999999999796
49538.04226100001	-154.93890000000033	2730.14	3.0299999999999794
49536.49287200001	-154.95520000000033	2730.14	3.039999999999979
49534.94332000001	-154.97150000000033	2730.14	3.049999999999979
49533.39360500001	-154.98780000000033	2730.14	3.0599999999999787
49531.843727000014	-155.00410000000034	2730.14	3.0699999999999785
49530.29368600001	-155.02040000000034	2730.14	3.0799999999999783
49528.74348200001	-155.03670000000034	2730.14	3.089999999999978
49527.19311500001	-155.05300000000034	2730.14	3.099999999999978
49525.64258500001	-155.06930000000034	2730.14	3.1099999999999777
49524.09189200001	-155.08560000000034	2730.14	3.1199999999999775
49522.54103600001	-155.10190000000034	2730.14	3.1299999999999772
49520.99001700001	-155.11820000000034	2730.14	3.139999999999977
49519.43883500001	-155.13450000000034	2730.14	3.149999999999977
49517.88749000001	-155.15080000000034	2730.14	3.1599999999999766
49516.33598200001	-155.16710000000035	2730.14	3.1699999999999764
49514.78431100001	-155.18340000000035	2730.14	3.179999999999976
49513.23247700001	-155.19970000000035	2730.14	3.189999999999976
49511.68048000001	-155.21600000000035	2730.14	3.1999999999999758
49510.12832000001	-155.23230000000035	2730.14	3.2099999999999755
49508.57599700001	-155.24860000000035	2730.14	3.2199999999999753
49507.02351100001	-155.26490000000035	2730.14	3.229999999999975
49505.47086200001	-155.28120000000035	2730.14	3.239999999999975
49503.91805000001	-155.29750000000035	2730.14	3.2499999999999747
49502.36507500001	-155.31380000000036	2730.14	3.2599999999999745
49500.811937000006	-155.33010000000036	2730.14	3.2699999999999743
49499.258636000006	-155.34640000000036	2730.14	3.279999999999974
49497.70517200001	-155.36270000000036	2730.14	3.289999999999974
49496.15154500001	-155.37900000000036	2730.14	3.2999999999999736
49494.59775500001	-155.39530000000036	2730.14	3.3099999999999734
49493.04380200001	-155.41160000000036	2730.14	3.319999999999973
49491.48968600001	-155.42790000000036	2730.14	3.329999999999973
49489.935407000004	-155.44420000000036	2730.14	3.3399999999999728
49488.380965000004	-155.46050000000037	2730.14	3.3499999999999726
49486.82636000001	-155.47680000000037	2730.14	3.3599999999999723
49485.271592000005	-155.49310000000037	2730.14	3.369999999999972
49483.716661000006	-155.50940000000037	2730.14	3.379999999999972
49482.161567	-155.52570000000037	2730.14	3.3899999999999717
49480.60631	-155.54200000000037	2730.14	3.3999999999999715
49479.050890000006	-155.55830000000037	2730.14	3.4099999999999713
49477.495307000005	-155.57460000000037	2730.14	3.419999999999971
49475.93956100001	-155.59090000000037	2730.14	3.429999999999971
49474.383652000004	-155.60720000000038	2730.14	3.4399999999999706
49472.827580000005	-155.62350000000038	2730.14	3.4499999999999704
49471.27134500001	-155.63980000000038	2730.14	3.45999999999997
49469.71494700001	-155.65610000000038	2730.14	3.46999999999997
49468.15838600001	-155.67240000000038	2730.14	3.47999999999997
49466.60166200001	-155.68870000000038	2730.14	3.4899999999999696
49465.04477500001	-155.70500000000038	2730.14	3.4999999999999694
49463.487725000006	-155.72130000000038	2730.14	3.509999999999969
49461.930512000006	-155.73760000000038	2730.14	3.519999999999969
49460.37313600001	-155.75390000000039	2730.14	3.5299999999999687
49458.81559700001	-155.7702000000004	2730.14	3.5399999999999685
49457.25789500001	-155.7865000000004	2730.14	3.5499999999999683
49455.70003000001	-155.8028000000004	2730.14	3.559999999999968
49454.14200200001	-155.8191000000004	2730.14	3.569999999999968
49452.58381100001	-155.8354000000004	2730.14	3.5799999999999677
49451.02545700001	-155.8517000000004	2730.14	3.5899999999999674
49449.46694000001	-155.8680000000004	2730.14	3.5999999999999672
49447.90826000001	-155.8843000000004	2730.14	3.609999999999967
49446.34941700001	-155.9006000000004	2730.14	3.619999999999967
49444.79041100001	-155.9169000000004	2730.14	3.6299999999999666
49443.23124200001	-155.9332000000004	2730.14	3.6399999999999664
49441.67191000001	-155.9495000000004	2730.14	3.649999999999966
49440.11241500001	-155.9658000000004	2730.14	3.659999999999966
49438.55275700001	-155.9821000000004	2730.14	3.6699999999999657
49436.99293600001	-155.9984000000004	2730.14	3.6799999999999655
49435.43295200001	-156.0147000000004	2730.14	3.6899999999999653
49433.87280500001	-156.0310000000004	2730.14	3.699999999999965
49432.31249500001	-156.0473000000004	2730.14	3.709999999999965
49430.752022000015	-156.0636000000004	2730.14	3.7199999999999647
49429.19138600001	-156.0799000000004	2730.14	3.7299999999999645
49427.630587000014	-156.0962000000004	2730.14	3.7399999999999642
49426.06962500001	-156.1125000000004	2730.14	3.749999999999964
49424.50850000001	-156.1288000000004	2730.14	3.759999999999964
49422.947212000014	-156.1451000000004	2730.14	3.7699999999999636
49421.38576100001	-156.1614000000004	2730.14	3.7799999999999634
49419.824147000014	-156.1777000000004	2730.14	3.789999999999963
49418.26237000001	-156.19400000000041	2730.14	3.799999999999963
49416.70043000001	-156.21030000000042	2730.14	3.8099999999999627
49415.138327000015	-156.22660000000042	2730.14	3.8199999999999625
49413.576061000014	-156.24290000000042	2730.14	3.8299999999999623
49412.01363200002	-156.25920000000042	2730.14	3.839999999999962
49410.451040000014	-156.27550000000042	2730.14	3.849999999999962
49408.888285000015	-156.29180000000042	2730.14	3.8599999999999617
49407.32536700001	-156.30810000000042	2730.14	3.8699999999999615
49405.76228600001	-156.32440000000042	2730.14	3.8799999999999613
49404.199042000015	-156.34070000000042	2730.14	3.889999999999961
49402.63563500001	-156.35700000000043	2730.14	3.899999999999961
49401.072065000015	-156.37330000000043	2730.14	3.9099999999999606
49399.50833200001	-156.38960000000043	2730.14	3.9199999999999604
49397.94443600001	-156.40590000000043	2730.14	3.92999999999996
49396.380377000016	-156.42220000000043	2730.14	3.93999999999996
49394.816155000015	-156.43850000000043	2730.14	3.9499999999999598
49393.25177000002	-156.45480000000043	2730.14	3.9599999999999596
49391.687222000015	-156.47110000000043	2730.14	3.9699999999999593
49390.122511000016	-156.48740000000043	2730.14	3.979999999999959
49388.55763700001	-156.50370000000044	2730.14	3.989999999999959
49386.99260000001	-156.52000000000044	2730.14	3.9999999999999587
49385.427400000015	-156.53630000000044	2730.14	4.009999999999959
49383.86203700001	-156.55260000000044	2730.14	4.019999999999959
49382.296511000015	-156.56890000000044	2730.14	4.0299999999999585
49380.73082200001	-156.58520000000044	2730.14	4.039999999999958
49379.16497000001	-156.60150000000044	2730.14	4.049999999999958
49377.598955000016	-156.61780000000044	2730.14	4.059999999999958
49376.032777000015	-156.63410000000044	2730.14	4.069999999999958
49374.46643600002	-156.65040000000045	2730.14	4.079999999999957
49372.899932000015	-156.66670000000045	2730.14	4.089999999999957
49371.333265000016	-156.68300000000045	2730.14	4.099999999999957
49369.76643500001	-156.69930000000045	2730.14	4.109999999999957
49368.19944200001	-156.71560000000045	2730.14	4.119999999999957
49366.632286000015	-156.73190000000045	2730.14	4.129999999999956
49365.06496700001	-156.74820000000045	2730.14	4.139999999999956
49363.497485000014	-156.76450000000045	2730.14	4.149999999999956
49361.92984000001	-156.78080000000045	2730.14	4.159999999999956
49360.36203200001	-156.79710000000046	2730.14	4.1699999999999555
49358.794061000015	-156.81340000000046	2730.14	4.179999999999955
49357.225927000014	-156.82970000000046	2730.14	4.189999999999955
49355.657630000016	-156.84600000000046	2730.14	4.199999999999955
49354.089170000014	-156.86230000000046	2730.14	4.209999999999955
49352.520547000015	-156.87860000000046	2730.14	4.2199999999999545
49350.95176100001	-156.89490000000046	2730.14	4.229999999999954
49349.38281200001	-156.91120000000046	2730.14	4.239999999999954
49347.81370000001	-156.92750000000046	2730.14	4.249999999999954
49346.24442500001	-156.94380000000046	2730.14	4.259999999999954
49344.67498700001	-156.96010000000047	2730.14	4.269999999999953
49343.10538600001	-156.97640000000047	2730.14	4.279999999999953
49341.53562200001	-156.99270000000047	2730.14	4.289999999999953
49339.96569500001	-157.00900000000047	2730.14	4.299999999999953
49338.39560500001	-157.02530000000047	2730.14	4.3099999999999525
49336.825352000014	-157.04160000000047	2730.14	4.319999999999952
49335.25493600001	-157.05790000000047	2730.14	4.329999999999952
49333.68435700001	-157.07420000000047	2730.14	4.339999999999952
49332.11361500001	-157.09050000000047	2730.14	4.349999999999952
49330.54271000001	-157.10680000000048	2730.14	4.3599999999999515
49328.97164200001	-157.12310000000048	2730.14	4.369999999999951
49327.40041100001	-157.13940000000048	2730.14	4.379999999999951
49325.82901700001	-157.15570000000048	2730.14	4.389999999999951
49324.25746000001	-157.17200000000048	2730.14	4.399999999999951
49322.68574000001	-157.18830000000048	2730.14	4.40999999999995
49321.11385700001	-157.20460000000048	2730.14	4.41999999999995
49319.54181100001	-157.22090000000048	2730.14	4.42999999999995
49317.96960200001	-157.23720000000048	2730.14	4.43999999999995
49316.39723000001	-157.25350000000049	2730.14	4.4499999999999496
49314.82469500001	-157.2698000000005	2730.14	4.459999999999949
49313.25199700001	-157.2861000000005	2730.14	4.469999999999949
49311.679136000006	-157.3024000000005	2730.14	4.479999999999949
49310.10611200001	-157.3187000000005	2730.14	4.489999999999949
49308.53292500001	-157.3350000000005	2730.14	4.4999999999999485
49306.95957500001	-157.3513000000005	2730.14	4.509999999999948
49305.386062000005	-157.3676000000005	2730.14	4.519999999999948
49303.812386000005	-157.3839000000005	2730.14	4.529999999999948
49302.23854700001	-157.4002000000005	2730.14	4.539999999999948
49300.66454500001	-157.4165000000005	2730.14	4.549999999999947
49299.09038000001	-157.4328000000005	2730.14	4.559999999999947
49297.516052000006	-157.4491000000005	2730.14	4.569999999999947
49295.94156100001	-157.4654000000005	2730.14	4.579999999999947
49294.36690700001	-157.4817000000005	2730.14	4.589999999999947
49292.79209000001	-157.4980000000005	2730.14	4.599999999999946
49291.21711000001	-157.5143000000005	2730.14	4.609999999999946
49289.64196700001	-157.5306000000005	2730.14	4.619999999999946
49288.06666100001	-157.5469000000005	2730.14	4.629999999999946
49286.49119200001	-157.5632000000005	2730.14	4.6399999999999455
49284.91556000001	-157.5795000000005	2730.14	4.649999999999945
49283.33976500001	-157.5958000000005	2730.14	4.659999999999945
49281.76380700001	-157.6121000000005	2730.14	4.669999999999945
49280.18768600001	-157.6284000000005	2730.14	4.679999999999945
49278.61140200001	-157.6447000000005	2730.14	4.689999999999944
49277.03495500001	-157.6610000000005	2730.14	4.699999999999944
49275.458345000014	-157.6773000000005	2730.14	4.709999999999944
49273.88157200001	-157.69360000000052	2730.14	4.719999999999944
49272.304636000015	-157.70990000000052	2730.14	4.729999999999944
49270.72753700001	-157.72620000000052	2730.14	4.739999999999943
49269.150275000015	-157.74250000000052	2730.14	4.749999999999943
49267.57285000001	-157.75880000000052	2730.14	4.759999999999943
49265.99526200001	-157.77510000000052	2730.14	4.769999999999943
49264.417511000014	-157.79140000000052	2730.14	4.7799999999999425
49262.83959700001	-157.80770000000052	2730.14	4.789999999999942
49261.261520000015	-157.82400000000052	2730.14	4.799999999999942
49259.68328000001	-157.84030000000052	2730.14	4.809999999999942
49258.10487700001	-157.85660000000053	2730.14	4.819999999999942
49256.526311000016	-157.87290000000053	2730.14	4.8299999999999415
49254.947582000015	-157.88920000000053	2730.14	4.839999999999941
49253.36869000002	-157.90550000000053	2730.14	4.849999999999941
49251.789635000016	-157.92180000000053	2730.14	4.859999999999941
49250.21041700002	-157.93810000000053	2730.14	4.869999999999941
49248.63103600001	-157.95440000000053	2730.14	4.87999999999994
49247.05149200001	-157.97070000000053	2730.14	4.88999999999994
49245.471785000016	-157.98700000000053	2730.14	4.89999999999994
49243.891915000015	-158.00330000000054	2730.14	4.90999999999994
49242.311882000016	-158.01960000000054	2730.14	4.9199999999999395
49240.731686000014	-158.03590000000054	2730.14	4.929999999999939
49239.151327000014	-158.05220000000054	2730.14	4.939999999999939
49237.57080500002	-158.06850000000054	2730.14	4.949999999999939
49235.99012000002	-158.08480000000054	2730.14	4.959999999999939
49234.40927200002	-158.10110000000054	2730.14	4.9699999999999385
49232.82826100002	-158.11740000000054	2730.14	4.979999999999938
49231.24708700002	-158.13370000000054	2730.14	4.989999999999938
49229.665750000015	-158.15000000000055	2730.14	4.999999999999938
49228.084250000014	-158.16630000000055	2730.14	5.009999999999938
49226.50258700002	-158.18260000000055	2730.14	5.019999999999937
49224.920761000016	-158.19890000000055	2730.14	5.029999999999937
49223.33877200002	-158.21520000000055	2730.14	5.039999999999937
49221.756620000015	-158.23150000000055	2730.14	5.049999999999937
49220.174305000015	-158.24780000000055	2730.14	5.0599999999999365
49218.59182700002	-158.26410000000055	2730.14	5.069999999999936
49217.00918600002	-158.28040000000055	2730.14	5.079999999999936
49215.42638200002	-158.29670000000056	2730.14	5.089999999999936
49213.84341500002	-158.31300000000056	2730.14	5.099999999999936
49212.26028500002	-158.32930000000056	2730.14	5.1099999999999355
49210.676992000015	-158.34560000000056	2730.14	5.119999999999935
49209.093536000015	-158.36190000000056	2730.14	5.129999999999935
49207.50991700002	-158.37820000000056	2730.14	5.139999999999935
49205.926135000016	-158.39450000000056	2730.14	5.149999999999935
49204.34219000002	-158.41080000000056	2730.14	5.159999999999934
49202.758082000015	-158.42710000000056	2730.14	5.169999999999934
49201.173811000015	-158.44340000000057	2730.14	5.179999999999934
49199.58937700002	-158.45970000000057	2730.14	5.189999999999934
49198.00478000002	-158.47600000000057	2730.14	5.199999999999934
49196.42002000002	-158.49230000000057	2730.14	5.209999999999933
49194.83509700002	-158.50860000000057	2730.14	5.219999999999933
49193.25001100002	-158.52490000000057	2730.14	5.229999999999933
49191.664762000015	-158.54120000000057	2730.14	5.239999999999933
49190.079350000015	-158.55750000000057	2730.14	5.2499999999999325
49188.49377500002	-158.57380000000057	2730.14	5.259999999999932
49186.908037000016	-158.59010000000058	2730.14	5.269999999999932
49185.32213600002	-158.60640000000058	2730.14	5.279999999999932
49183.736072000014	-158.62270000000058	2730.14	5.289999999999932
49182.149845000014	-158.63900000000058	2730.14	5.299999999999931
49180.56345500002	-158.65530000000058	2730.14	5.309999999999931
49178.97690200002	-158.67160000000058	2730.14	5.319999999999931
49177.39018600002	-158.68790000000058	2730.14	5.329999999999931
49175.80330700002	-158.70420000000058	2730.14	5.339999999999931
49174.21626500002	-158.72050000000058	2730.14	5.34999999999993
49172.629060000014	-158.73680000000058	2730.14	5.35999999999993
49171.04169200001	-158.7531000000006	2730.14	5.36999999999993
49169.454161000016	-158.7694000000006	2730.14	5.37999999999993
49167.866467000014	-158.7857000000006	2730.14	5.3899999999999295
49166.278610000016	-158.8020000000006	2730.14	5.399999999999929
49164.69059000001	-158.8183000000006	2730.14	5.409999999999929
49163.10240700001	-158.8346000000006	2730.14	5.419999999999929
49161.514061000016	-158.8509000000006	2730.14	5.429999999999929
49159.925552000015	-158.8672000000006	2730.14	5.4399999999999284
49158.33688000002	-158.8835000000006	2730.14	5.449999999999928
49156.748045000015	-158.8998000000006	2730.14	5.459999999999928
49155.159047000016	-158.9161000000006	2730.14	5.469999999999928
49153.56988600001	-158.9324000000006	2730.14	5.479999999999928
49151.98056200001	-158.9487000000006	2730.14	5.489999999999927
49150.391075000014	-158.9650000000006	2730.14	5.499999999999927
49148.80142500001	-158.9813000000006	2730.14	5.509999999999927
49147.211612000014	-158.9976000000006	2730.14	5.519999999999927
49145.62163600001	-159.0139000000006	2730.14	5.5299999999999265
49144.03149700001	-159.0302000000006	2730.14	5.539999999999926
49142.441195000014	-159.0465000000006	2730.14	5.549999999999926
49140.85073000001	-159.0628000000006	2730.14	5.559999999999926
49139.260102000015	-159.0791000000006	2730.14	5.569999999999926
49137.66931100001	-159.0954000000006	2730.14	5.5799999999999255
49136.07835700001	-159.1117000000006	2730.14	5.589999999999925
49134.48724000001	-159.1280000000006	2730.14	5.599999999999925
49132.89596000001	-159.1443000000006	2730.14	5.609999999999925
49131.30451700001	-159.1606000000006	2730.14	5.619999999999925
49129.71291100001	-159.17690000000061	2730.14	5.629999999999924
49128.12114200001	-159.19320000000062	2730.14	5.639999999999924
49126.52921000001	-159.20950000000062	2730.14	5.649999999999924
49124.93711500001	-159.22580000000062	2730.14	5.659999999999924
49123.34485700001	-159.24210000000062	2730.14	5.6699999999999235
49121.75243600001	-159.25840000000062	2730.14	5.679999999999923
49120.15985200001	-159.27470000000062	2730.14	5.689999999999923
49118.56710500001	-159.29100000000062	2730.14	5.699999999999923
49116.97419500001	-159.30730000000062	2730.14	5.709999999999923
49115.381122000006	-159.32360000000062	2730.14	5.7199999999999225
49113.787886000006	-159.33990000000063	2730.14	5.729999999999922
49112.19448700001	-159.35620000000063	2730.14	5.739999999999922
49110.600925000006	-159.37250000000063	2730.14	5.749999999999922
49109.00720000001	-159.38880000000063	2730.14	5.759999999999922
49107.413312000004	-159.40510000000063	2730.14	5.769999999999921
49105.819261000004	-159.42140000000063	2730.14	5.779999999999921
49104.22504700001	-159.43770000000063	2730.14	5.789999999999921
49102.630670000006	-159.45400000000063	2730.14	5.799999999999921
49101.03613000001	-159.47030000000063	2730.14	5.809999999999921
49099.441427000005	-159.48660000000064	2730.14	5.81999999999992
49097.846561000006	-159.50290000000064	2730.14	5.82999999999992
49096.25153200001	-159.51920000000064	2730.14	5.83999999999992
49094.65634000001	-159.53550000000064	2730.14	5.84999999999992
49093.06098500001	-159.55180000000064	2730.14	5.8599999999999195
49091.46546700001	-159.56810000000064	2730.14	5.869999999999919
49089.86978600001	-159.58440000000064	2730.14	5.879999999999919
49088.27394200001	-159.60070000000064	2730.14	5.889999999999919
49086.67793500001	-159.61700000000064	2730.14	5.899999999999919
49085.08176500001	-159.63330000000065	2730.14	5.909999999999918
49083.48543200001	-159.64960000000065	2730.14	5.919999999999918
49081.88893600001	-159.66590000000065	2730.14	5.929999999999918
49080.29227700001	-159.68220000000065	2730.14	5.939999999999918
49078.69545500001	-159.69850000000065	2730.14	5.949999999999918
49077.09847000001	-159.71480000000065	2730.14	5.959999999999917
49075.50132200001	-159.73110000000065	2730.14	5.969999999999917
49073.90401100001	-159.74740000000065	2730.14	5.979999999999917
49072.30653700001	-159.76370000000065	2730.14	5.989999999999917
49070.70890000001	-159.78000000000065	2730.14	5.9999999999999165
49069.11110000001	-159.79630000000066	2730.14	6.009999999999916
49067.51313700001	-159.81260000000066	2730.14	6.019999999999916
49065.91501100001	-159.82890000000066	2730.14	6.029999999999916
49064.31672200001	-159.84520000000066	2730.14	6.039999999999916
49062.71827000001	-159.86150000000066	2730.14	6.0499999999999154
49061.11965500001	-159.87780000000066	2730.14	6.059999999999915
49059.52087700001	-159.89410000000066	2730.14	6.069999999999915
49057.92193600001	-159.91040000000066	2730.14	6.079999999999915
49056.32283200001	-159.92670000000066	2730.14	6.089999999999915
49054.723565000015	-159.94300000000067	2730.14	6.099999999999914
49053.12413500001	-159.95930000000067	2730.14	6.109999999999914
49051.524542000014	-159.97560000000067	2730.14	6.119999999999914
49049.92478600001	-159.99190000000067	2730.14	6.129999999999914
49048.32486700001	-160.00820000000067	2730.14	6.1399999999999135
49046.72478500001	-160.02450000000067	2730.14	6.149999999999913
49045.12454000001	-160.04080000000067	2730.14	6.159999999999913
49043.52413200001	-160.05710000000067	2730.14	6.169999999999913
49041.92356100001	-160.07340000000067	2730.14	6.179999999999913
49040.32282700001	-160.08970000000068	2730.14	6.1899999999999125
49038.721930000014	-160.10600000000068	2730.14	6.199999999999912
49037.12087000001	-160.12230000000068	2730.14	6.209999999999912
49035.519647000016	-160.13860000000068	2730.14	6.219999999999912
49033.91826100001	-160.15490000000068	2730.14	6.229999999999912
49032.316712000014	-160.17120000000068	2730.14	6.239999999999911
49030.71500000001	-160.18750000000068	2730.14	6.249999999999911
49029.11312500001	-160.20380000000068	2730.14	6.259999999999911
49027.51108700001	-160.22010000000068	2730.14	6.269999999999911
49025.90888600001	-160.23640000000069	2730.14	6.2799999999999105
49024.30652200001	-160.2527000000007	2730.14	6.28999999999991
49022.70399500001	-160.2690000000007	2730.14	6.29999999999991
49021.10130500001	-160.2853000000007	2730.14	6.30999999999991
49019.498452000014	-160.3016000000007	2730.14	6.31999999999991
49017.89543600001	-160.3179000000007	2730.14	6.3299999999999095
49016.292257000016	-160.3342000000007	2730.14	6.339999999999909
49014.68891500001	-160.3505000000007	2730.14	6.349999999999909
49013.085410000014	-160.3668000000007	2730.14	6.359999999999909
49011.48174200001	-160.3831000000007	2730.14	6.369999999999909
49009.87791100001	-160.3994000000007	2730.14	6.379999999999908
49008.27391700001	-160.4157000000007	2730.14	6.389999999999908
49006.66976000001	-160.4320000000007	2730.14	6.399999999999908
49005.06544000001	-160.4483000000007	2730.14	6.409999999999908
49003.46095700001	-160.4646000000007	2730.14	6.419999999999908
49001.85631100001	-160.4809000000007	2730.14	6.429999999999907
49000.251502000014	-160.4972000000007	2730.14	6.439999999999907
48998.64653000001	-160.5135000000007	2730.14	6.449999999999907
48997.041395000015	-160.5298000000007	2730.14	6.459999999999907
48995.43609700001	-160.5461000000007	2730.14	6.4699999999999065
48993.83063600001	-160.5624000000007	2730.14	6.479999999999906
48992.22501200001	-160.5787000000007	2730.14	6.489999999999906
48990.61922500001	-160.5950000000007	2730.14	6.499999999999906
48989.01327500001	-160.6113000000007	2730.14	6.509999999999906
48987.40716200001	-160.6276000000007	2730.14	6.519999999999905
48985.80088600001	-160.6439000000007	2730.14	6.529999999999905
48984.19444700001	-160.6602000000007	2730.14	6.539999999999905
48982.58784500001	-160.67650000000071	2730.14	6.549999999999905
48980.98108000001	-160.69280000000072	2730.14	6.559999999999905
48979.37415200001	-160.70910000000072	2730.14	6.569999999999904
48977.76706100001	-160.72540000000072	2730.14	6.579999999999904
48976.15980700001	-160.74170000000072	2730.14	6.589999999999904
48974.55239000001	-160.75800000000072	2730.14	6.599999999999904
48972.94481000001	-160.77430000000072	2730.14	6.6099999999999035
48971.33706700001	-160.79060000000072	2730.14	6.619999999999903
48969.72916100001	-160.80690000000072	2730.14	6.629999999999903
48968.12109200001	-160.82320000000072	2730.14	6.639999999999903
48966.51286000001	-160.83950000000073	2730.14	6.649999999999903
48964.90446500001	-160.85580000000073	2730.14	6.659999999999902
48963.29590700001	-160.87210000000073	2730.14	6.669999999999902
48961.68718600001	-160.88840000000073	2730.14	6.679999999999902
48960.07830200001	-160.90470000000073	2730.14	6.689999999999902
48958.46925500001	-160.92100000000073	2730.14	6.699999999999902
48956.86004500001	-160.93730000000073	2730.14	6.709999999999901
48955.25067200001	-160.95360000000073	2730.14	6.719999999999901
48953.641136000006	-160.96990000000073	2730.14	6.729999999999901
48952.031437000005	-160.98620000000074	2730.14	6.739999999999901
48950.42157500001	-161.00250000000074	2730.14	6.7499999999999005
48948.811550000006	-161.01880000000074	2730.14	6.7599999999999
48947.20136200001	-161.03510000000074	2730.14	6.7699999999999
48945.591011000004	-161.05140000000074	2730.14	6.7799999999999
48943.980497000004	-161.06770000000074	2730.14	6.7899999999999
48942.36982000001	-161.08400000000074	2730.14	6.7999999999998995
48940.758980000006	-161.10030000000074	2730.14	6.809999999999899
48939.14797700001	-161.11660000000074	2730.14	6.819999999999899
48937.536811000005	-161.13290000000075	2730.14	6.829999999999899
48935.925482000006	-161.14920000000075	2730.14	6.839999999999899
48934.31399	-161.16550000000075	2730.14	6.849999999999898
48932.702335	-161.18180000000075	2730.14	6.859999999999898
48931.090517000004	-161.19810000000075	2730.14	6.869999999999898
48929.478536	-161.21440000000075	2730.14	6.879999999999898
48927.866392	-161.23070000000075	2730.14	6.8899999999998975
48926.254085	-161.24700000000075	2730.14	6.899999999999897
48924.641615	-161.26330000000075	2730.14	6.909999999999897
48923.028982	-161.27960000000076	2730.14	6.919999999999897
48921.416186	-161.29590000000076	2730.14	6.929999999999897
48919.803227000004	-161.31220000000076	2730.14	6.9399999999998965
48918.190105	-161.32850000000076	2730.14	6.949999999999896
48916.57682	-161.34480000000076	2730.14	6.959999999999896
48914.963372000006	-161.36110000000076	2730.14	6.969999999999896
48913.349761000005	-161.37740000000076	2730.14	6.979999999999896
48911.73598700001	-161.39370000000076	2730.14	6.989999999999895
48910.122050000005	-161.41000000000076	2730.14	6.999999999999895
48908.50795000001	-161.42630000000077	2730.14	7.009999999999895
48906.893687	-161.44260000000077	2730.14	7.019999999999895
48905.279261	-161.45890000000077	2730.14	7.0299999999998946
48903.664672000006	-161.47520000000077	2730.14	7.039999999999894
48902.049920000005	-161.49150000000077	2730.14	7.049999999999894
48900.43500500001	-161.50780000000077	2730.14	7.059999999999894
48898.819927000004	-161.52410000000077	2730.14	7.069999999999894
48897.204686000005	-161.54040000000077	2730.14	7.0799999999998935
48895.58928200001	-161.55670000000077	2730.14	7.089999999999893
48893.97371500001	-161.57300000000077	2730.14	7.099999999999893
48892.35798500001	-161.58930000000078	2730.14	7.109999999999893
48890.74209200001	-161.60560000000078	2730.14	7.119999999999893
48889.12603600001	-161.62190000000078	2730.14	7.129999999999892
48887.509817000006	-161.63820000000078	2730.14	7.139999999999892
48885.893435000005	-161.65450000000078	2730.14	7.149999999999892
48884.27689000001	-161.67080000000078	2730.14	7.159999999999892
48882.66018200001	-161.68710000000078	2730.14	7.169999999999892
48881.04331100001	-161.70340000000078	2730.14	7.179999999999891
48879.426277000006	-161.71970000000078	2730.14	7.189999999999891
48877.809080000006	-161.7360000000008	2730.14	7.199999999999891
48876.19172000001	-161.7523000000008	2730.14	7.209999999999891
48874.57419700001	-161.7686000000008	2730.14	7.2199999999998905
48872.95651100001	-161.7849000000008	2730.14	7.22999999999989
48871.33866200001	-161.8012000000008	2730.14	7.23999999999989
48869.72065000001	-161.8175000000008	2730.14	7.24999999999989
48868.10247500001	-161.8338000000008	2730.14	7.25999999999989
48866.48413700001	-161.8501000000008	2730.14	7.269999999999889
48864.86563600001	-161.8664000000008	2730.14	7.279999999999889
48863.24697200001	-161.8827000000008	2730.14	7.289999999999889
48861.62814500001	-161.8990000000008	2730.14	7.299999999999889
48860.00915500001	-161.9153000000008	2730.14	7.309999999999889
48858.39000200001	-161.9316000000008	2730.14	7.319999999999888
48856.77068600001	-161.9479000000008	2730.14	7.329999999999888
48855.15120700001	-161.9642000000008	2730.14	7.339999999999888
48853.53156500001	-161.9805000000008	2730.14	7.349999999999888
48851.91176000001	-161.9968000000008	2730.14	7.3599999999998875
48850.29179200001	-162.0131000000008	2730.14	7.369999999999887
48848.67166100001	-162.0294000000008	2730.14	7.379999999999887
48847.05136700001	-162.0457000000008	2730.14	7.389999999999887
48845.43091000001	-162.0620000000008	2730.14	7.399999999999887
48843.81029000001	-162.0783000000008	2730.14	7.4099999999998865
48842.18950700001	-162.0946000000008	2730.14	7.419999999999886
48840.56856100001	-162.1109000000008	2730.14	7.429999999999886
48838.94745200001	-162.1272000000008	2730.14	7.439999999999886
48837.32618000001	-162.1435000000008	2730.14	7.449999999999886
48835.70474500001	-162.1598000000008	2730.14	7.459999999999885
48834.08314700001	-162.17610000000082	2730.14	7.469999999999885
48832.46138600001	-162.19240000000082	2730.14	7.479999999999885
48830.83946200001	-162.20870000000082	2730.14	7.489999999999885
48829.21737500001	-162.22500000000082	2730.14	7.4999999999998845
48827.59512500001	-162.24130000000082	2730.14	7.509999999999884
48825.97271200001	-162.25760000000082	2730.14	7.519999999999884
48824.35013600001	-162.27390000000082	2730.14	7.529999999999884
48822.72739700001	-162.29020000000082	2730.14	7.539999999999884
48821.10449500001	-162.30650000000082	2730.14	7.5499999999998835
48819.48143000001	-162.32280000000083	2730.14	7.559999999999883
48817.85820200001	-162.33910000000083	2730.14	7.569999999999883
48816.23481100001	-162.35540000000083	2730.14	7.579999999999883
48814.61125700001	-162.37170000000083	2730.14	7.589999999999883
48812.98754000001	-162.38800000000083	2730.14	7.599999999999882
48811.36366000001	-162.40430000000083	2730.14	7.609999999999882
48809.73961700001	-162.42060000000083	2730.14	7.619999999999882
48808.115411000006	-162.43690000000083	2730.14	7.629999999999882
48806.49104200001	-162.45320000000083	2730.14	7.6399999999998816
48804.86651000001	-162.46950000000083	2730.14	7.649999999999881
48803.24181500001	-162.48580000000084	2730.14	7.659999999999881
48801.616957000006	-162.50210000000084	2730.14	7.669999999999881
48799.991936000006	-162.51840000000084	2730.14	7.679999999999881
48798.36675200001	-162.53470000000084	2730.14	7.6899999999998805
48796.74140500001	-162.55100000000084	2730.14	7.69999999999988
48795.11589500001	-162.56730000000084	2730.14	7.70999999999988
48793.49022200001	-162.58360000000084	2730.14	7.71999999999988
48791.86438600001	-162.59990000000084	2730.14	7.72999999999988
48790.238387000005	-162.61620000000084	2730.14	7.739999999999879
48788.612225000004	-162.63250000000085	2730.14	7.749999999999879
48786.98590000001	-162.64880000000085	2730.14	7.759999999999879
48785.359412000005	-162.66510000000085	2730.14	7.769999999999879
48783.73276100001	-162.68140000000085	2730.14	7.779999999999879
48782.105947000004	-162.69770000000085	2730.14	7.789999999999878
48780.478970000004	-162.71400000000085	2730.14	7.799999999999878
48778.85183000001	-162.73030000000085	2730.14	7.809999999999878
48777.224527000006	-162.74660000000085	2730.14	7.819999999999878
48775.59706100001	-162.76290000000085	2730.14	7.8299999999998775
48773.969432000005	-162.77920000000086	2730.14	7.839999999999877
48772.341640000006	-162.79550000000086	2730.14	7.849999999999877
48770.713685	-162.81180000000086	2730.14	7.859999999999877
48769.085567	-162.82810000000086	2730.14	7.869999999999877
48767.457286000004	-162.84440000000086	2730.14	7.879999999999876
48765.828842	-162.86070000000086	2730.14	7.889999999999876
48764.200235000004	-162.87700000000086	2730.14	7.899999999999876
48762.571465	-162.89330000000086	2730.14	7.909999999999876
48760.942532	-162.90960000000086	2730.14	7.919999999999876
48759.313436000004	-162.92590000000087	2730.14	7.929999999999875
48757.684177	-162.94220000000087	2730.14	7.939999999999875
48756.054755000005	-162.95850000000087	2730.14	7.949999999999875
48754.42517	-162.97480000000087	2730.14	7.959999999999875
48752.795422	-162.99110000000087	2730.14	7.9699999999998745
48751.165511	-163.00740000000087	2730.14	7.979999999999874
48749.535437	-163.02370000000087	2730.14	7.989999999999874
48747.9052	-163.04000000000087	2730.14	7.999999999999874
48746.2748	-163.05630000000087	2730.14	8.009999999999874
48744.644237	-163.07260000000088	2730.14	8.019999999999873
48743.013511	-163.08890000000088	2730.14	8.029999999999873
48741.382622	-163.10520000000088	2730.14	8.039999999999873
48739.75157	-163.12150000000088	2730.14	8.049999999999873
48738.120355	-163.13780000000088	2730.14	8.059999999999873
48736.488977	-163.15410000000088	2730.14	8.069999999999872
48734.857436	-163.17040000000088	2730.14	8.079999999999872
48733.225732	-163.18670000000088	2730.14	8.089999999999872
48731.593865	-163.20300000000088	2730.14	8.099999999999872
48729.961835	-163.21930000000089	2730.14	8.109999999999872
48728.329642000004	-163.2356000000009	2730.14	8.119999999999871
48726.697286	-163.2519000000009	2730.14	8.129999999999871
48725.064767	-163.2682000000009	2730.14	8.139999999999871
48723.432085	-163.2845000000009	2730.14	8.14999999999987
48721.79924	-163.3008000000009	2730.14	8.15999999999987
48720.166232	-163.3171000000009	2730.14	8.16999999999987
48718.533061	-163.3334000000009	2730.14	8.17999999999987
48716.899727	-163.3497000000009	2730.14	8.18999999999987
48715.26623	-163.3660000000009	2730.14	8.19999999999987
48713.63257	-163.3823000000009	2730.14	8.20999999999987
48711.998747000005	-163.3986000000009	2730.14	8.21999999999987
48710.364761000004	-163.4149000000009	2730.14	8.229999999999869
48708.73061200001	-163.4312000000009	2730.14	8.239999999999869
48707.096300000005	-163.4475000000009	2730.14	8.249999999999869
48705.461825000006	-163.4638000000009	2730.14	8.259999999999868
48703.827187	-163.4801000000009	2730.14	8.269999999999868
48702.192386	-163.4964000000009	2730.14	8.279999999999868
48700.557422000005	-163.5127000000009	2730.14	8.289999999999868
48698.922295000004	-163.5290000000009	2730.14	8.299999999999867
48697.287005000006	-163.5453000000009	2730.14	8.309999999999867
48695.651552	-163.5616000000009	2730.14	8.319999999999867
48694.015936	-163.5779000000009	2730.14	8.329999999999867
48692.38015700001	-163.5942000000009	2730.14	8.339999999999867
48690.744215000006	-163.6105000000009	2730.14	8.349999999999866
48689.10811000001	-163.6268000000009	2730.14	8.359999999999866
48687.471842000006	-163.6431000000009	2730.14	8.369999999999866
48685.83541100001	-163.65940000000091	2730.14	8.379999999999866
48684.198817000004	-163.67570000000092	2730.14	8.389999999999866
48682.562060000004	-163.69200000000092	2730.14	8.399999999999865
48680.92514000001	-163.70830000000092	2730.14	8.409999999999865
48679.288057000005	-163.72460000000092	2730.14	8.419999999999865
48677.65081100001	-163.74090000000092	2730.14	8.429999999999865
48676.013402000004	-163.75720000000092	2730.14	8.439999999999864
48674.375830000004	-163.77350000000092	2730.14	8.449999999999864
48672.73809500001	-163.78980000000092	2730.14	8.459999999999864
48671.10019700001	-163.80610000000092	2730.14	8.469999999999864
48669.46213600001	-163.82240000000093	2730.14	8.479999999999864
48667.82391200001	-163.83870000000093	2730.14	8.489999999999863
48666.18552500001	-163.85500000000093	2730.14	8.499999999999863
48664.546975000005	-163.87130000000093	2730.14	8.509999999999863
48662.908262000004	-163.88760000000093	2730.14	8.519999999999863
48661.26938600001	-163.90390000000093	2730.14	8.529999999999863
48659.630347000006	-163.92020000000093	2730.14	8.539999999999862
48657.99114500001	-163.93650000000093	2730.14	8.549999999999862
48656.351780000005	-163.95280000000093	2730.14	8.559999999999862
48654.712252000005	-163.96910000000094	2730.14	8.569999999999862
48653.07256100001	-163.98540000000094	2730.14	8.579999999999862
48651.43270700001	-164.00170000000094	2730.14	8.589999999999861
48649.79269000001	-164.01800000000094	2730.14	8.599999999999861
48648.15251000001	-164.03430000000094	2730.14	8.60999999999986
48646.51216700001	-164.05060000000094	2730.14	8.61999999999986
48644.871661000005	-164.06690000000094	2730.14	8.62999999999986
48643.230992000004	-164.08320000000094	2730.14	8.63999999999986
48641.59016000001	-164.09950000000094	2730.14	8.64999999999986
48639.949165000005	-164.11580000000095	2730.14	8.65999999999986
48638.30800700001	-164.13210000000095	2730.14	8.66999999999986
48636.666686000004	-164.14840000000095	2730.14	8.67999999999986
48635.025202000004	-164.16470000000095	2730.14	8.68999999999986
48633.38355500001	-164.18100000000095	2730.14	8.699999999999859
48631.74174500001	-164.19730000000095	2730.14	8.709999999999859
48630.09977200001	-164.21360000000095	2730.14	8.719999999999859
48628.45763600001	-164.22990000000095	2730.14	8.729999999999858
48626.81533700001	-164.24620000000095	2730.14	8.739999999999858
48625.172875000004	-164.26250000000095	2730.14	8.749999999999858
48623.53025	-164.27880000000096	2730.14	8.759999999999858
48621.887462000006	-164.29510000000096	2730.14	8.769999999999857
48620.244511000004	-164.31140000000096	2730.14	8.779999999999857
48618.601397000006	-164.32770000000096	2730.14	8.789999999999857
48616.95812	-164.34400000000096	2730.14	8.799999999999857
48615.31468	-164.36030000000096	2730.14	8.809999999999857
48613.671077000006	-164.37660000000096	2730.14	8.819999999999856
48612.027311000005	-164.39290000000096	2730.14	8.829999999999856
48610.38338200001	-164.40920000000096	2730.14	8.839999999999856
48608.739290000005	-164.42550000000097	2730.14	8.849999999999856
48607.095035000006	-164.44180000000097	2730.14	8.859999999999856
48605.450617	-164.45810000000097	2730.14	8.869999999999855
48603.806036	-164.47440000000097	2730.14	8.879999999999855
48602.161292000004	-164.49070000000097	2730.14	8.889999999999855
48600.516385	-164.50700000000097	2730.14	8.899999999999855
48598.871315000004	-164.52330000000097	2730.14	8.909999999999854
48597.226082	-164.53960000000097	2730.14	8.919999999999854
48595.580686	-164.55590000000097	2730.14	8.929999999999854
48593.935127000004	-164.57220000000098	2730.14	8.939999999999854
48592.289405	-164.58850000000098	2730.14	8.949999999999854
48590.643520000005	-164.60480000000098	2730.14	8.959999999999853
48588.997472	-164.62110000000098	2730.14	8.969999999999853
48587.351261	-164.63740000000098	2730.14	8.979999999999853
48585.704887	-164.65370000000098	2730.14	8.989999999999853
48584.05835	-164.67000000000098	2730.14	8.999999999999853
48582.41165	-164.68630000000098	2730.14	9.009999999999852
48580.764787	-164.70260000000098	2730.14	9.019999999999852
48579.117761	-164.71890000000099	2730.14	9.029999999999852
48577.470572	-164.735200000001	2730.14	9.039999999999852
48575.82322	-164.751500000001	2730.14	9.049999999999851
48574.175705	-164.767800000001	2730.14	9.059999999999851
48572.528027	-164.784100000001	2730.14	9.069999999999851
48570.880186	-164.800400000001	2730.14	9.07999999999985
48569.232182	-164.816700000001	2730.14	9.08999999999985
48567.584015	-164.833000000001	2730.14	9.09999999999985
48565.935685	-164.849300000001	2730.14	9.10999999999985
48564.287191999996	-164.865600000001	2730.14	9.11999999999985
48562.638536	-164.881900000001	2730.14	9.12999999999985
48560.989717	-164.898200000001	2730.14	9.13999999999985
48559.340735	-164.914500000001	2730.14	9.14999999999985
48557.691589999995	-164.930800000001	2730.14	9.15999999999985
48556.042281999995	-164.947100000001	2730.14	9.169999999999849
48554.392811	-164.963400000001	2730.14	9.179999999999849
48552.743177	-164.979700000001	2730.14	9.189999999999849
48551.09338	-164.996000000001	2730.14	9.199999999999848
48549.443419999996	-165.012300000001	2730.14	9.209999999999848
48547.793297	-165.028600000001	2730.14	9.219999999999848
48546.143011	-165.044900000001	2730.14	9.229999999999848
48544.492562	-165.061200000001	2730.14	9.239999999999847
48542.84195	-165.077500000001	2730.14	9.249999999999847
48541.191175	-165.093800000001	2730.14	9.259999999999847
48539.540237	-165.110100000001	2730.14	9.269999999999847
48537.889136	-165.126400000001	2730.14	9.279999999999847
48536.237872	-165.142700000001	2730.14	9.289999999999846
48534.586445	-165.15900000000101	2730.14	9.299999999999846
48532.934855	-165.17530000000102	2730.14	9.309999999999846
48531.283102	-165.19160000000102	2730.14	9.319999999999846
48529.631186	-165.20790000000102	2730.14	9.329999999999846
48527.979107	-165.22420000000102	2730.14	9.339999999999845
48526.326865	-165.24050000000102	2730.14	9.349999999999845
48524.67446	-165.25680000000102	2730.14	9.359999999999845
48523.021892000004	-165.27310000000102	2730.14	9.369999999999845
48521.369161	-165.28940000000102	2730.14	9.379999999999844
48519.716267	-165.30570000000102	2730.14	9.389999999999844
48518.06321	-165.32200000000103	2730.14	9.399999999999844
48516.40999	-165.33830000000103	2730.14	9.409999999999844
48514.756607	-165.35460000000103	2730.14	9.419999999999844
48513.103061	-165.37090000000103	2730.14	9.429999999999843
48511.449352	-165.38720000000103	2730.14	9.439999999999843
48509.79548	-165.40350000000103	2730.14	9.449999999999843
48508.141445	-165.41980000000103	2730.14	9.459999999999843
48506.487247000005	-165.43610000000103	2730.14	9.469999999999843
48504.832886000004	-165.45240000000103	2730.14	9.479999999999842
48503.178362000006	-165.46870000000104	2730.14	9.489999999999842
48501.523675000004	-165.48500000000104	2730.14	9.499999999999842
48499.868825000005	-165.50130000000104	2730.14	9.509999999999842
48498.213812	-165.51760000000104	2730.14	9.519999999999841
48496.558636	-165.53390000000104	2730.14	9.529999999999841
48494.903297000004	-165.55020000000104	2730.14	9.539999999999841
48493.247795	-165.56650000000104	2730.14	9.54999999999984
48491.592130000005	-165.58280000000104	2730.14	9.55999999999984
48489.936302	-165.59910000000104	2730.14	9.56999999999984
48488.280311	-165.61540000000105	2730.14	9.57999999999984
48486.624157000006	-165.63170000000105	2730.14	9.58999999999984
48484.967840000005	-165.64800000000105	2730.14	9.59999999999984
48483.31136000001	-165.66430000000105	2730.14	9.60999999999984
48481.654717000005	-165.68060000000105	2730.14	9.61999999999984
48479.997911000006	-165.69690000000105	2730.14	9.62999999999984
48478.340942	-165.71320000000105	2730.14	9.639999999999839
48476.68381	-165.72950000000105	2730.14	9.649999999999839
48475.026515000005	-165.74580000000105	2730.14	9.659999999999838
48473.369057	-165.76210000000106	2730.14	9.669999999999838
48471.711436000005	-165.77840000000106	2730.14	9.679999999999838
48470.053652	-165.79470000000106	2730.14	9.689999999999838
48468.395705	-165.81100000000106	2730.14	9.699999999999838
48466.737595000006	-165.82730000000106	2730.14	9.709999999999837
48465.079322000005	-165.84360000000106	2730.14	9.719999999999837
48463.42088600001	-165.85990000000106	2730.14	9.729999999999837
48461.762287000005	-165.87620000000106	2730.14	9.739999999999837
48460.103525000006	-165.89250000000106	2730.14	9.749999999999837
48458.4446	-165.90880000000107	2730.14	9.759999999999836
48456.785512	-165.92510000000107	2730.14	9.769999999999836
48455.126261000005	-165.94140000000107	2730.14	9.779999999999836
48453.466847	-165.95770000000107	2730.14	9.789999999999836
48451.807270000005	-165.97400000000107	2730.14	9.799999999999836
48450.14753	-165.99030000000107	2730.14	9.809999999999835
48448.487627	-166.00660000000107	2730.14	9.819999999999835
48446.827561000006	-166.02290000000107	2730.14	9.829999999999835
48445.167332000005	-166.03920000000107	2730.14	9.839999999999835
48443.50694000001	-166.05550000000108	2730.14	9.849999999999834
48441.846385000004	-166.07180000000108	2730.14	9.859999999999834
48440.185667000005	-166.08810000000108	2730.14	9.869999999999834
48438.524786	-166.10440000000108	2730.14	9.879999999999834
48436.863742	-166.12070000000108	2730.14	9.889999999999834
48435.202535000004	-166.13700000000108	2730.14	9.899999999999833
48433.541165	-166.15330000000108	2730.14	9.909999999999833
48431.879632000004	-166.16960000000108	2730.14	9.919999999999833
48430.217936	-166.18590000000108	2730.14	9.929999999999833
48428.556077	-166.20220000000108	2730.14	9.939999999999833
48426.894055000004	-166.2185000000011	2730.14	9.949999999999832
48425.23187	-166.2348000000011	2730.14	9.959999999999832
48423.569522000005	-166.2511000000011	2730.14	9.969999999999832
48421.907011	-166.2674000000011	2730.14	9.979999999999832
48420.244337000004	-166.2837000000011	2730.14	9.989999999999831
48418.5815	-166.3000000000011	2730.14	9.999999999999831
48418.58149999997	-166.30000000000138	2730.14	10.0
